# This file may be used to create an environment using:
# $ conda create --name <env> --file <this file>
# platform: win-64
# created-by: conda 25.1.1
bzip2=1.0.8=h2466b09_7
ca-certificates=2025.1.31=h56e8100_0
libexpat=2.6.4=he0c23c2_0
libffi=3.4.6=h537db12_0
liblzma=5.6.4=h2466b09_0
libsqlite=3.48.0=h67fdade_1
libzlib=1.3.1=h2466b09_2
openssl=3.4.1=ha4e3fda_0
pip=25.0.1=pyh8b19718_0
pysimplegui=4.60.5=pyhd8ed1ab_0
python=3.12.8=h3f84c4b_1_cpython
setuptools=75.8.0=pyhff2d567_0
tk=8.6.13=h5226925_1
tzdata=2025a=h78e105d_0
ucrt=10.0.22621.0=h57928b3_1
vc=14.3=h5fd82a7_24
vc14_runtime=14.42.34433=h6356254_24
wheel=0.45.1=pyhd8ed1ab_1
yt-dlp=2025.1.26=pyhd8ed1ab_0
